00111100000110100001000000000001
00110111010110100000000000000000
00111100000110110110010001101001
00110111011110110110001101110100
10101111010110110000000000000000
00111100000110110010111001110100
00110111011110110111100001110100
10101111010110110000000000000100
00111100000110110000000000000000
00110111011110110000000000000000
10101111010110110000000000001000
00111100000110100001000000000001
00110111010110100000000100110000
00111100000110110000000000000000
00110111011110110000000000000000
10101111010110110000000000000000
00111100000110100001000000000001
00110111010110100000000100110100
00111100000110110000000000000000
00110111011110110000000000000110
10101111010110110000000000000000
00111100000110100001000000000001
00110111010110100000000100111000
00111100000110110100001101101111
00110111011110110111010101101100
10101111010110110000000000000000
00111100000110110110010000100000
00110111011110110110111001101111
10101111010110110000000000000100
00111100000110110111010000100000
00110111011110110110111101110000
10101111010110110000000000001000
00111100000110110110010101101110
00110111011110110010000001100100
10101111010110110000000000001100
00111100000110110110100101100011
00110111011110110111010001101001
10101111010110110000000000010000
00111100000110110110111101101110
00110111011110110110000101110010
10101111010110110000000000010100
00111100000110110111100100001010
00110111011110110000000000000000
10101111010110110000000000011000
00111100000110100001000000000001
00110111010110100000000101010011
00100000000110110000000001000100
10100011010110110000000000000000
00111100000110110110100101100011
00110111011110110111010001101001
10101111010110110000000000000001
00111100000110110110111101101110
00110111011110110110000101110010
10101111010110110000000000000101
00111100000110110111100100100000
00110111011110110110001101101111
10101111010110110000000000001001
00111100000110110110111001110100
00110111011110110110000101101001
10101111010110110000000000001101
00111100000110110110111001110011
00110111011110110010000001101110
10101111010110110000000000010001
00111100000110110110111100100000
00110111011110110111011101101111
10101111010110110000000000010101
00111100000110110111001001100100
00110111011110110111001100001010
10101111010110110000000000011001
00111100000110110000000000000000
00110111011110110000000000000000
10101111010110110000000000011101
00111100000110100001000000000001
00110111010110100000000101110001
00100000000110110000000001000111
10100011010110110000000000000000
00100000000110110000000001110101
10100011010110110000000000000001
00100000000110110000000001100101
10100011010110110000000000000010
00111100000110110111001101110011
00110111011110110010000001100001
10101111010110110000000000000011
00111100000110110010000001101100
00110111011110110110010101110100
10101111010110110000000000000111
00111100000110110111010001100101
00110111011110110111001000111010
10101111010110110000000000001011
00111100000110110010000000000000
00110111011110110000000000000000
10101111010110110000000000001111
00111100000110100001000000000001
00110111010110100000000110000010
00100000000110110000000001011001
10100011010110110000000000000000
00100000000110110000000001101111
10100011010110110000000000000001
00111100000110110111010100100000
00110111011110110111011101101111
10101111010110110000000000000010
00111100000110110110111000100001
00110111011110110000101000000000
10101111010110110000000000000110
00111100000110100001000000000001
00110111010110100000000110001100
00111100000110110101100101101111
00110111011110110111010100100000
10101111010110110000000000000000
00111100000110110110110001101111
00110111011110110111001101110100
10101111010110110000000000000100
00111100000110110010000100100000
00110111011110110101010001101000
10101111010110110000000000001000
00111100000110110110010100100000
00110111011110110111011101101111
10101111010110110000000000001100
00111100000110110111001001100100
00110111011110110010000001110111
10101111010110110000000000010000
00111100000110110110000101110011
00110111011110110011101000100000
10101111010110110000000000010100
00111100000110110000000000000000
00110111011110110000000000000000
10101111010110110000000000011000
00111100000110100001000000000001
00110111010110100000000110100101
00100000000110110000000001010111
10100011010110110000000000000000
00100000000110110000000001110010
10100011010110110000000000000001
00100000000110110000000001101111
10100011010110110000000000000010
00111100000110110110111001100111
00110111011110110010000001100111
10101111010110110000000000000011
00111100000110110111010101100101
00110111011110110111001101110011
10101111010110110000000000000111
00111100000110110110010101110011
00110111011110110011101000100000
10101111010110110000000000001011
00111100000110110000000000000000
00110111011110110000000000000000
10101111010110110000000000001111
00111100000110100001000000000001
00110111010110100000000110110101
00100000000110110000000001001100
10100011010110110000000000000000
00100000000110110000000001100101
10100011010110110000000000000001
00100000000110110000000001110100
10100011010110110000000000000010
00111100000110110111010001100101
00110111011110110111001000100000
10101111010110110000000000000011
00111100000110110110000101101100
00110111011110110111001001100101
10101111010110110000000000000111
00111100000110110110000101100100
00110111011110110111100100100000
10101111010110110000000000001011
00111100000110110110011101110101
00110111011110110110010101110011
10101111010110110000000000001111
00111100000110110111001101100101
00110111011110110110010000100001
10101111010110110000000000010011
00111100000110110010000001010100
00110111011110110111001001111001
10101111010110110000000000010111
00111100000110110010000001100001
00110111011110110110011101100001
10101111010110110000000000011011
00111100000110110110100101101110
00110111011110110010111000001010
10101111010110110000000000011111
00111100000110110000000000000000
00110111011110110000000000000000
10101111010110110000000000100011
00111100000110100001000000000001
00110111010110100000000111011001
00100000000110110000000001010000
10100011010110110000000000000000
00100000000110110000000001101100
10100011010110110000000000000001
00100000000110110000000001100101
10100011010110110000000000000010
00111100000110110110000101110011
00110111011110110110010100100000
10101111010110110000000000000011
00111100000110110110010101101110
00110111011110110111010001100101
10101111010110110000000000000111
00111100000110110111001000100000
00110111011110110110000100100000
10101111010110110000000000001011
00111100000110110110110001100101
00110111011110110111010001110100
10101111010110110000000000001111
00111100000110110110010101110010
00110111011110110010000000101000
10101111010110110000000000010011
00111100000110110100000100101101
00110111011110110101101000101001
10101111010110110000000000010111
00111100000110110010111000001010
00110111011110110000000000000000
10101111010110110000000000011011
00111100000110100001000000000001
00110111010110100000000111110111
00100000000110110000000000001010
10100011010110110000000000000000
00111100000110110000000000000000
00110111011110110000000000000000
10101111010110110000000000000001
00111100000000010001000000000001
00110100001000010000000111111100
00000000000000011101000000100001
00001000000100000000000011011110
00000000000000000000000000000000
00100100000000100000000000001101
00111100000000010001000000000001
00110100001000010000000000000000
00000000000000010010000000100001
00100100000001010000000000000000
00100100000001100000000000000000
00000000000000000000000000001100
00000100010000000000000001100001
00000000010000000100000000100001
00100100000010010000000000000000
00100100000110010000000000000000
00100100000000100000000000001110
00000001000000000010000000100001
00111100000000010001000000000001
00110100001000010000000010001001
00000000000000010010100000100001
00100100000001100000000000000001
00000000000000000000000000001100
00010000010000000000000000001011
00111100000000010001000000000001
00110100001000010000000010001001
00000000000000010000100000100001
10000000001010100000000000000000
00100100000010110000000000001010
00010001010010110000000000000010
00000001010000001100100000100001
00001000000100000000000011101010
00100001001010010000000000000001
00100100000110010000000000000000
00001000000100000000000011101010
00010111001000000000000000000001
00001000000100000000000100000000
00100001001010010000000000000001
00000001001000000110000000100001
00010001100000000000000001001101
00100100000001000000000000000000
00000001100000000010100000100001
00100100000000100000000000101010
00000000000000000000000000001100
00000000010000000110100000100001
00100100000000100000000000010011
00000001000000000010000000100001
00100100000001010000000000000000
00100100000001100000000000000000
00000000000000000000000000001100
00010001101000000000000000010111
00100100000011100000000000000000
00100100000000100000000000001110
00000001000000000010000000100001
00111100000000010001000000000001
00110100001000010000000010001001
00000000000000010010100000100001
00100100000001100000000000000001
00000000000000000000000000001100
00010000010000000000000000001010
00111100000000010001000000000001
00110100001000010000000010001001
00000000000000010000100000100001
10000000001011110000000000000000
00100100000110000000000000001010
00010001111110000000000000000001
00001000000100000000000100001110
00100001110011100000000000000001
00010001110011010000000000000101
00001000000100000000000100001110
00100100000000100000000000010000
00000001000000000010000000100001
00000000000000000000000000001100
00001000000100000000000011011111
00111100000000010001000000000001
00110100001000010000000000001001
00000000000000011100100000100001
00100100000010110000000000000000
00100100000000100000000000001110
00000001000000000010000000100001
00111100000000010001000000000001
00110100001000010000000010001001
00000000000000010010100000100001
00100100000001100000000000000001
00000000000000000000000000001100
00010000010000000000000000001110
00111100000000010001000000000001
00110100001000010000000010001001
00000000000000010000100000100001
10000000001010100000000000000000
00100100000011110000000000001010
00010001010011110000000000001000
00100100000110000000000000011111
00000001011110000000100000101010
00010000001000000000000000000100
10100011001010100000000000000000
00100011001110010000000000000001
00100001011010110000000000000001
00001000000100000000000100101000
00001000000100000000000100101000
10100011001000000000000000000000
00010001011000000000000000000100
00100100000000100000000000010000
00000001000000000010000000100001
00000000000000000000000000001100
00001000000100000000000101011001
00100100000000100000000000010000
00000001000000000010000000100001
00000000000000000000000000001100
00001000000100000000000011011111
00111100000000010001000000000001
00110100001000010000000100111000
00000000000000010010000000100001
00100100000000100000000000000100
00000000000000000000000000001100
00100100000000100000000000001010
00000000000000000000000000001100
00100100000000100000000000010000
00000001000000000010000000100001
00000000000000000000000000001100
00111100000000010001000000000001
00110100001000010000000101010011
00000000000000010010000000100001
00100100000000100000000000000100
00000000000000000000000000001100
00100100000000100000000000001010
00000000000000000000000000001100
00111100000000010001000000000001
00110100001000010000000000001001
00000000000000011000000000100001
00111100000000010001000000000001
00110100001000010000000010001100
00000000000000011000100000100001
00111100000000010001000000000001
00110100001000010000000100001100
00000000000000011010000000100001
00111100000000010001000000000001
00110100001000010000000100010100
00000000000000011011000000100001
00111100000000010001000000000001
00110100001000010000000100110100
00000000000000010000100000100001
10001100001100110000000000000000
00100100000100100000000000000000
00100100000101110000000000000000
00100100000010000000000000000000
00111100000000010001000000000001
00110100001000010000000000001001
00000000000000010100100000100001
10000001001010100000000000000000
00010001010000000000000000000011
00100001000010000000000000000001
00100001001010010000000000000001
00001000000100000000000101101111
00000001000000001010100000100001
00100100000010000000000000000000
00010001000101010000000000000101
00100100000010100000000001011111
10100010001010100000000000000000
00100010001100010000000000000001
00100001000010000000000000000001
00001000000100000000000101110110
10100010001000000000000000000000
00111100000000010001000000000001
00110100001000010000000010001100
00000000000000011000100000100001
00100100000010000000000000000000
00010001000101010000000000001010
00000010001010000101100000100001
10000001011011000000000000000000
00000001100000000010000000100001
00100100000000100000000000001011
00000000000000000000000000001100
00100100000001000000000000100000
00100100000000100000000000001011
00000000000000000000000000001100
00100001000010000000000000000001
00001000000100000000000110000001
00111100000000010001000000000001
00110100001000010000000111110111
00000000000000010010000000100001
00100100000000100000000000000100
00000000000000000000000000001100
00111100000000010001000000000001
00110100001000010000000110100101
00000000000000010010000000100001
00100100000000100000000000000100
00000000000000000000000000001100
00000010010000000010000000100001
00100100000000100000000000000001
00000000000000000000000000001100
00111100000000010001000000000001
00110100001000010000000111110111
00000000000000010010000000100001
00100100000000100000000000000100
00000000000000000000000000001100
00111100000000010001000000000001
00110100001000010000000101110001
00000000000000010010000000100001
00100100000000100000000000000100
00000000000000000000000000001100
00111100000000010001000000000001
00110100001000010000000100001100
00000000000000010010000000100001
00100100000001010000000000001000
00100100000000100000000000001000
00000000000000000000000000001100
10000010100010000000000000000000
00010001000000001111111111010101
00100100000010010000000001000001
00100100000010100000000001011010
00000001000010010000100000101010
00010100001000000000000000000011
00000001010010000000100000101010
00010100001000000000000000000001
00001000000100000000000111000000
00100100000010010000000001100001
00100100000010100000000001111010
00000001000010010000100000101010
00010100001000000000000000000100
00000001010010000000100000101010
00010100001000000000000000000010
00100001000010001111111111100000
00001000000100000000000111000000
00111100000000010001000000000001
00110100001000010000000111011001
00000000000000010010000000100001
00100100000000100000000000000100
00000000000000000000000000001100
00001000000100000000000110000000
00100100000010010000000000000000
00010001001101110000000000001011
00000010110010010101000000100001
10000001010010110000000000000000
00010001011010000000000000000010
00100001001010010000000000000001
00001000000100000000000111000001
00111100000000010001000000000001
00110100001000010000000110110101
00000000000000010010000000100001
00100100000000100000000000000100
00000000000000000000000000001100
00001000000100000000000110000000
00000010110101110101000000100001
10100001010010000000000000000000
00100010111101110000000000000001
00100100000010110000000000000000
00100100000011000000000000000000
00010001011101010000000000001010
00000010000010110110100000100001
10000001101011100000000000000000
00010001110010000000000000000010
00100001011010110000000000000001
00001000000100000000000111010010
00000010001010110111100000100001
10100001111010000000000000000000
00100100000011000000000000000001
00100001011010110000000000000001
00001000000100000000000111010010
00010001100000000000000000001100
00100100000010000000000000000000
00100100000011010000000000000000
00010001000101010000000000000111
00000010001010000111000000100001
10000001110011110000000000000000
00100100000010010000000001011111
00010001111010010000000000000010
00100001000010000000000000000001
00001000000100000000000111100000
00100100000011010000000000000001
00010001101000000000000000000101
00001000000100000000000110000000
00100010010100100000000000000001
00000010010100110000100000101010
00010000001000000000000000011000
00001000000100000000000110000000
00100100000010000000000000000000
00010001000101010000000000001010
00000010000010000100100000100001
10000001001010100000000000000000
00000001010000000010000000100001
00100100000000100000000000001011
00000000000000000000000000001100
00100100000001000000000000100000
00100100000000100000000000001011
00000000000000000000000000001100
00100001000010000000000000000001
00001000000100000000000111101111
00111100000000010001000000000001
00110100001000010000000111110111
00000000000000010010000000100001
00100100000000100000000000000100
00000000000000000000000000001100
00111100000000010001000000000001
00110100001000010000000110000010
00000000000000010010000000100001
00100100000000100000000000000100
00000000000000000000000000001100
00001000000100000000001000010101
00111100000000010001000000000001
00110100001000010000000110001100
00000000000000010010000000100001
00100100000000100000000000000100
00000000000000000000000000001100
00111100000000010001000000000001
00110100001000010000000000001001
00000000000000010010000000100001
00100100000000100000000000000100
00000000000000000000000000001100
00111100000000010001000000000001
00110100001000010000000111110111
00000000000000010010000000100001
00100100000000100000000000000100
00000000000000000000000000001100
00001000000100000000001000010101
00100100000000100000000000001010
00000000000000000000000000001100